
SUMMARISING RUN PARAMETERS
==========================
Input filename: /media/ssd-02/tavish/PhD/raw_data/koala_microbiome/illumina/HiC/koala_microbiome_craig_HiC_S2_R1_001.fastq
Trimming mode: paired-end
Trim Galore version: 0.6.6
Cutadapt version: 2.6
Number of cores used for trimming: 1
Quality Phred score cutoff: 20
Quality encoding type selected: ASCII+33
Using Nextera adapter for trimming (count: 31715). Second best hit was smallRNA (count: 10)
Adapter sequence: 'CTGTCTCTTATA' (Nextera Transposase sequence; auto-detected)
Maximum trimming error rate: 0.1 (default)
Minimum required adapter overlap (stringency): 1 bp
Minimum required sequence length for both reads before a sequence pair gets removed: 20 bp
All Read 1 sequences will be trimmed by 10 bp from their 5' end to avoid poor qualities or biases
All Read 2 sequences will be trimmed by 10 bp from their 5' end to avoid poor qualities or biases (e.g. M-bias for BS-Seq applications)
Running FastQC on the data once trimming has completed


This is cutadapt 2.6 with Python 3.7.10
Command line parameters: -j 1 -e 0.1 -q 20 -O 1 -a CTGTCTCTTATA /media/ssd-02/tavish/PhD/raw_data/koala_microbiome/illumina/HiC/koala_microbiome_craig_HiC_S2_R1_001.fastq
Processing reads on 1 core in single-end mode ...
Finished in 2939.19 s (11 us/read; 5.44 M reads/minute).

=== Summary ===

Total reads processed:             266,329,814
Reads with adapters:               108,469,558 (40.7%)
Reads written (passing filters):   266,329,814 (100.0%)

Total basepairs processed: 40,215,801,914 bp
Quality-trimmed:              16,871,487 bp (0.0%)
Total written (filtered):  39,754,609,541 bp (98.9%)

=== Adapter 1 ===

Sequence: CTGTCTCTTATA; Type: regular 3'; Length: 12; Trimmed: 108469558 times.

No. of allowed errors:
0-9 bp: 0; 10-12 bp: 1

Bases preceding removed adapters:
  A: 27.1%
  C: 25.0%
  G: 26.9%
  T: 21.0%
  none/other: 0.0%

Overview of removed sequences
length	count	expect	max.err	error counts
1	75102220	66582453.5	0	75102220
2	14724488	16645613.4	0	14724488
3	5853925	4161403.3	0	5853925
4	1286293	1040350.8	0	1286293
5	731555	260087.7	0	731555
6	390738	65021.9	0	390738
7	427266	16255.5	0	427266
8	363688	4063.9	0	363688
9	325419	1016.0	0	318742 6677
10	374836	254.0	1	360384 14452
11	319249	63.5	1	309114 10135
12	310412	15.9	1	299003 11409
13	332183	15.9	1	321575 10608
14	293602	15.9	1	283405 10197
15	278501	15.9	1	268873 9628
16	350333	15.9	1	338539 11794
17	236279	15.9	1	228470 7809
18	256759	15.9	1	248517 8242
19	263264	15.9	1	255191 8073
20	245964	15.9	1	237948 8016
21	233224	15.9	1	225150 8074
22	252617	15.9	1	244994 7623
23	226175	15.9	1	218494 7681
24	201629	15.9	1	195522 6107
25	229668	15.9	1	222038 7630
26	202148	15.9	1	195481 6667
27	194857	15.9	1	188078 6779
28	204644	15.9	1	198051 6593
29	187518	15.9	1	180650 6868
30	163074	15.9	1	157979 5095
31	189576	15.9	1	183241 6335
32	157355	15.9	1	152311 5044
33	149861	15.9	1	144485 5376
34	167988	15.9	1	159753 8235
35	157204	15.9	1	152126 5078
36	131514	15.9	1	126390 5124
37	135639	15.9	1	131194 4445
38	129460	15.9	1	124358 5102
39	133286	15.9	1	128746 4540
40	113302	15.9	1	109317 3985
41	115636	15.9	1	111452 4184
42	103220	15.9	1	99477 3743
43	129815	15.9	1	125382 4433
44	88679	15.9	1	84239 4440
45	171144	15.9	1	168116 3028
46	25989	15.9	1	23283 2706
47	76263	15.9	1	73275 2988
48	92896	15.9	1	89789 3107
49	82666	15.9	1	80084 2582
50	65342	15.9	1	62500 2842
51	72193	15.9	1	69652 2541
52	72586	15.9	1	69995 2591
53	70130	15.9	1	61938 8192
54	62364	15.9	1	59553 2811
55	91755	15.9	1	89121 2634
56	40355	15.9	1	38179 2176
57	64333	15.9	1	62272 2061
58	58841	15.9	1	56726 2115
59	48893	15.9	1	47111 1782
60	41049	15.9	1	39701 1348
61	23503	15.9	1	21571 1932
62	53365	15.9	1	51382 1983
63	43471	15.9	1	41701 1770
64	31552	15.9	1	30245 1307
65	27324	15.9	1	25099 2225
66	41325	15.9	1	39879 1446
67	28909	15.9	1	27477 1432
68	41856	15.9	1	35670 6186
69	38699	15.9	1	37013 1686
70	45940	15.9	1	44605 1335
71	2766	15.9	1	1941 825
72	4632	15.9	1	3825 807
73	17914	15.9	1	16825 1089
74	20354	15.9	1	19153 1201
75	19669	15.9	1	18575 1094
76	20053	15.9	1	18927 1126
77	18295	15.9	1	17028 1267
78	16816	15.9	1	15846 970
79	17406	15.9	1	16188 1218
80	15603	15.9	1	14595 1008
81	15719	15.9	1	13417 2302
82	14038	15.9	1	13121 917
83	12730	15.9	1	11849 881
84	12265	15.9	1	11277 988
85	11590	15.9	1	10775 815
86	10880	15.9	1	9939 941
87	10430	15.9	1	9581 849
88	10288	15.9	1	9292 996
89	9420	15.9	1	8312 1108
90	8553	15.9	1	7794 759
91	8474	15.9	1	7694 780
92	7705	15.9	1	6983 722
93	7235	15.9	1	6366 869
94	7184	15.9	1	6346 838
95	6658	15.9	1	5832 826
96	6231	15.9	1	5372 859
97	6224	15.9	1	5568 656
98	5794	15.9	1	4993 801
99	5632	15.9	1	4741 891
100	5894	15.9	1	4544 1350
101	4968	15.9	1	4099 869
102	4448	15.9	1	3854 594
103	4060	15.9	1	3523 537
104	3986	15.9	1	3351 635
105	3784	15.9	1	3117 667
106	4151	15.9	1	3096 1055
107	3509	15.9	1	2853 656
108	3071	15.9	1	2605 466
109	3126	15.9	1	2434 692
110	2960	15.9	1	2153 807
111	2552	15.9	1	1852 700
112	2633	15.9	1	1932 701
113	2266	15.9	1	1672 594
114	1979	15.9	1	1420 559
115	2058	15.9	1	1450 608
116	1854	15.9	1	1204 650
117	1690	15.9	1	1146 544
118	1673	15.9	1	1131 542
119	1405	15.9	1	964 441
120	1448	15.9	1	915 533
121	1457	15.9	1	955 502
122	1134	15.9	1	727 407
123	928	15.9	1	553 375
124	949	15.9	1	424 525
125	1263	15.9	1	346 917
126	972	15.9	1	275 697
127	761	15.9	1	252 509
128	823	15.9	1	212 611
129	856	15.9	1	185 671
130	1042	15.9	1	531 511
131	782	15.9	1	230 552
132	1655	15.9	1	1214 441
133	688	15.9	1	329 359
134	1204	15.9	1	715 489
135	828	15.9	1	359 469
136	605	15.9	1	110 495
137	725	15.9	1	147 578
138	492	15.9	1	73 419
139	823	15.9	1	97 726
140	854	15.9	1	103 751
141	493	15.9	1	43 450
142	561	15.9	1	44 517
143	571	15.9	1	48 523
144	466	15.9	1	63 403
145	619	15.9	1	76 543
146	852	15.9	1	31 821
147	918	15.9	1	66 852
148	572	15.9	1	48 524
149	886	15.9	1	188 698
150	59377	15.9	1	56975 2402
151	13523	15.9	1	4191 9332

RUN STATISTICS FOR INPUT FILE: /media/ssd-02/tavish/PhD/raw_data/koala_microbiome/illumina/HiC/koala_microbiome_craig_HiC_S2_R1_001.fastq
=============================================
266329814 sequences processed in total

