
SUMMARISING RUN PARAMETERS
==========================
Input filename: /media/ssd-02/tavish/PhD/raw_data/koala_microbiome/illumina/HiC/koala_microbiome_tahlia_HiC_S3_R2_001.fastq
Trimming mode: paired-end
Trim Galore version: 0.6.6
Cutadapt version: 2.6
Number of cores used for trimming: 1
Quality Phred score cutoff: 20
Quality encoding type selected: ASCII+33
Using Nextera adapter for trimming (count: 31715). Second best hit was smallRNA (count: 10)
Adapter sequence: 'CTGTCTCTTATA' (Nextera Transposase sequence; auto-detected)
Maximum trimming error rate: 0.1 (default)
Minimum required adapter overlap (stringency): 1 bp
Minimum required sequence length for both reads before a sequence pair gets removed: 20 bp
All Read 1 sequences will be trimmed by 10 bp from their 5' end to avoid poor qualities or biases
All Read 2 sequences will be trimmed by 10 bp from their 5' end to avoid poor qualities or biases (e.g. M-bias for BS-Seq applications)
Running FastQC on the data once trimming has completed


This is cutadapt 2.6 with Python 3.7.10
Command line parameters: -j 1 -e 0.1 -q 20 -O 1 -a CTGTCTCTTATA /media/ssd-02/tavish/PhD/raw_data/koala_microbiome/illumina/HiC/koala_microbiome_tahlia_HiC_S3_R2_001.fastq
Processing reads on 1 core in single-end mode ...
Finished in 2119.91 s (11 us/read; 5.33 M reads/minute).

=== Summary ===

Total reads processed:             188,470,020
Reads with adapters:                74,137,256 (39.3%)
Reads written (passing filters):   188,470,020 (100.0%)

Total basepairs processed: 28,458,973,020 bp
Quality-trimmed:              25,959,535 bp (0.1%)
Total written (filtered):  28,025,180,439 bp (98.5%)

=== Adapter 1 ===

Sequence: CTGTCTCTTATA; Type: regular 3'; Length: 12; Trimmed: 74137256 times.

No. of allowed errors:
0-9 bp: 0; 10-12 bp: 1

Bases preceding removed adapters:
  A: 32.5%
  C: 21.5%
  G: 23.8%
  T: 22.2%
  none/other: 0.0%

Overview of removed sequences
length	count	expect	max.err	error counts
1	47532172	47117505.0	0	47532172
2	10715075	11779376.2	0	10715075
3	3677851	2944844.1	0	3677851
4	1041404	736211.0	0	1041404
5	597679	184052.8	0	597679
6	373747	46013.2	0	373747
7	373098	11503.3	0	373098
8	336569	2875.8	0	336569
9	318091	719.0	0	313205 4886
10	333564	179.7	1	322703 10861
11	301833	44.9	1	292849 8984
12	299882	11.2	1	290909 8973
13	304865	11.2	1	296664 8201
14	280015	11.2	1	272446 7569
15	271367	11.2	1	262844 8523
16	298747	11.2	1	290021 8726
17	236716	11.2	1	230174 6542
18	245051	11.2	1	238285 6766
19	259184	11.2	1	251523 7661
20	232119	11.2	1	226105 6014
21	233353	11.2	1	226434 6919
22	232858	11.2	1	226289 6569
23	213178	11.2	1	206754 6424
24	209479	11.2	1	203335 6144
25	215293	11.2	1	209289 6004
26	190971	11.2	1	185281 5690
27	188904	11.2	1	183380 5524
28	199666	11.2	1	193658 6008
29	178576	11.2	1	173747 4829
30	169017	11.2	1	164337 4680
31	176287	11.2	1	171341 4946
32	158558	11.2	1	153850 4708
33	159032	11.2	1	154016 5016
34	145440	11.2	1	140407 5033
35	145494	11.2	1	140751 4743
36	139824	11.2	1	135633 4191
37	152888	11.2	1	148858 4030
38	109051	11.2	1	105569 3482
39	124206	11.2	1	120712 3494
40	137543	11.2	1	134018 3525
41	95222	11.2	1	92354 2868
42	111717	11.2	1	108600 3117
43	105682	11.2	1	102383 3299
44	102858	11.2	1	99163 3695
45	97894	11.2	1	94576 3318
46	102574	11.2	1	100042 2532
47	90808	11.2	1	87832 2976
48	88607	11.2	1	85899 2708
49	89297	11.2	1	86551 2746
50	78089	11.2	1	75688 2401
51	71903	11.2	1	69434 2469
52	74058	11.2	1	71410 2648
53	72048	11.2	1	66632 5416
54	69406	11.2	1	66862 2544
55	62198	11.2	1	59691 2507
56	61705	11.2	1	59683 2022
57	68665	11.2	1	66579 2086
58	44319	11.2	1	42750 1569
59	50598	11.2	1	48935 1663
60	51267	11.2	1	49588 1679
61	52924	11.2	1	51042 1882
62	41734	11.2	1	40154 1580
63	56452	11.2	1	54535 1917
64	39051	11.2	1	37699 1352
65	41930	11.2	1	40324 1606
66	27200	11.2	1	25557 1643
67	40727	11.2	1	39054 1673
68	36174	11.2	1	34316 1858
69	32230	11.2	1	30795 1435
70	31301	11.2	1	29666 1635
71	31148	11.2	1	29899 1249
72	29975	11.2	1	28669 1306
73	36731	11.2	1	35506 1225
74	33335	11.2	1	32098 1237
75	27436	11.2	1	26146 1290
76	15012	11.2	1	13715 1297
77	18570	11.2	1	17455 1115
78	19625	11.2	1	18287 1338
79	19325	11.2	1	17713 1612
80	17497	11.2	1	16545 952
81	17614	11.2	1	15716 1898
82	16652	11.2	1	15566 1086
83	15311	11.2	1	14396 915
84	15203	11.2	1	13995 1208
85	15592	11.2	1	14385 1207
86	13295	11.2	1	12296 999
87	12196	11.2	1	11341 855
88	13181	11.2	1	11889 1292
89	11793	11.2	1	10705 1088
90	11504	11.2	1	10520 984
91	11719	11.2	1	10129 1590
92	9774	11.2	1	9094 680
93	9343	11.2	1	8511 832
94	9106	11.2	1	8398 708
95	8585	11.2	1	7889 696
96	8330	11.2	1	7357 973
97	7826	11.2	1	7220 606
98	7669	11.2	1	6790 879
99	7608	11.2	1	6511 1097
100	8455	11.2	1	6681 1774
101	7155	11.2	1	5638 1517
102	6206	11.2	1	5565 641
103	5976	11.2	1	5040 936
104	5635	11.2	1	4695 940
105	6241	11.2	1	4678 1563
106	6191	11.2	1	4714 1477
107	4900	11.2	1	4206 694
108	4824	11.2	1	3929 895
109	5830	11.2	1	3813 2017
110	4478	11.2	1	3329 1149
111	4073	11.2	1	3168 905
112	3859	11.2	1	2980 879
113	3689	11.2	1	2820 869
114	3418	11.2	1	2574 844
115	3023	11.2	1	2370 653
116	3377	11.2	1	2072 1305
117	2728	11.2	1	2089 639
118	2505	11.2	1	1886 619
119	2711	11.2	1	1623 1088
120	2184	11.2	1	1397 787
121	1868	11.2	1	1186 682
122	1517	11.2	1	1080 437
123	1974	11.2	1	847 1127
124	1104	11.2	1	659 445
125	1715	11.2	1	641 1074
126	1428	11.2	1	593 835
127	1344	11.2	1	535 809
128	1082	11.2	1	487 595
129	1823	11.2	1	565 1258
130	1855	11.2	1	526 1329
131	1089	11.2	1	478 611
132	889	11.2	1	536 353
133	1150	11.2	1	553 597
134	1202	11.2	1	492 710
135	1060	11.2	1	503 557
136	1156	11.2	1	450 706
137	1224	11.2	1	444 780
138	820	11.2	1	388 432
139	1070	11.2	1	492 578
140	1299	11.2	1	518 781
141	1013	11.2	1	286 727
142	1012	11.2	1	391 621
143	1199	11.2	1	415 784
144	899	11.2	1	361 538
145	1233	11.2	1	486 747
146	1332	11.2	1	322 1010
147	1865	11.2	1	451 1414
148	1088	11.2	1	340 748
149	1969	11.2	1	971 998
150	31945	11.2	1	30114 1831
151	1334	11.2	1	1123 211

RUN STATISTICS FOR INPUT FILE: /media/ssd-02/tavish/PhD/raw_data/koala_microbiome/illumina/HiC/koala_microbiome_tahlia_HiC_S3_R2_001.fastq
=============================================
188470020 sequences processed in total

Total number of sequences analysed for the sequence pair length validation: 188470020

Number of sequence pairs removed because at least one read was shorter than the length cutoff (20 bp): 138277 (0.07%)
