
SUMMARISING RUN PARAMETERS
==========================
Input filename: /media/ssd-02/tavish/PhD/raw_data/koala_microbiome/illumina/HiC/koala_microbiome_tahlia_HiC_S3_R1_001.fastq
Trimming mode: paired-end
Trim Galore version: 0.6.6
Cutadapt version: 2.6
Number of cores used for trimming: 1
Quality Phred score cutoff: 20
Quality encoding type selected: ASCII+33
Using Nextera adapter for trimming (count: 31715). Second best hit was smallRNA (count: 10)
Adapter sequence: 'CTGTCTCTTATA' (Nextera Transposase sequence; auto-detected)
Maximum trimming error rate: 0.1 (default)
Minimum required adapter overlap (stringency): 1 bp
Minimum required sequence length for both reads before a sequence pair gets removed: 20 bp
All Read 1 sequences will be trimmed by 10 bp from their 5' end to avoid poor qualities or biases
All Read 2 sequences will be trimmed by 10 bp from their 5' end to avoid poor qualities or biases (e.g. M-bias for BS-Seq applications)
Running FastQC on the data once trimming has completed


This is cutadapt 2.6 with Python 3.7.10
Command line parameters: -j 1 -e 0.1 -q 20 -O 1 -a CTGTCTCTTATA /media/ssd-02/tavish/PhD/raw_data/koala_microbiome/illumina/HiC/koala_microbiome_tahlia_HiC_S3_R1_001.fastq
Processing reads on 1 core in single-end mode ...
Finished in 2125.30 s (11 us/read; 5.32 M reads/minute).

=== Summary ===

Total reads processed:             188,470,020
Reads with adapters:                73,182,100 (38.8%)
Reads written (passing filters):   188,470,020 (100.0%)

Total basepairs processed: 28,458,973,020 bp
Quality-trimmed:              18,919,302 bp (0.1%)
Total written (filtered):  28,041,193,466 bp (98.5%)

=== Adapter 1 ===

Sequence: CTGTCTCTTATA; Type: regular 3'; Length: 12; Trimmed: 73182100 times.

No. of allowed errors:
0-9 bp: 0; 10-12 bp: 1

Bases preceding removed adapters:
  A: 32.9%
  C: 21.2%
  G: 23.9%
  T: 22.1%
  none/other: 0.0%

Overview of removed sequences
length	count	expect	max.err	error counts
1	46909687	47117505.0	0	46909687
2	10549664	11779376.2	0	10549664
3	3546923	2944844.1	0	3546923
4	1022269	736211.0	0	1022269
5	573686	184052.8	0	573686
6	374379	46013.2	0	374379
7	371093	11503.3	0	371093
8	338335	2875.8	0	338335
9	311804	719.0	0	307357 4447
10	338907	179.7	1	327597 11310
11	297862	44.9	1	290701 7161
12	303901	11.2	1	296555 7346
13	304648	11.2	1	297831 6817
14	283219	11.2	1	276311 6908
15	269865	11.2	1	263598 6267
16	333546	11.2	1	325053 8493
17	213628	11.2	1	208866 4762
18	248982	11.2	1	243548 5434
19	242161	11.2	1	236818 5343
20	239471	11.2	1	234010 5461
21	241707	11.2	1	236039 5668
22	221158	11.2	1	216409 4749
23	220653	11.2	1	214902 5751
24	202781	11.2	1	199330 3451
25	213641	11.2	1	208787 4854
26	197302	11.2	1	192598 4704
27	192244	11.2	1	187564 4680
28	193509	11.2	1	188933 4576
29	184979	11.2	1	180678 4301
30	166167	11.2	1	162839 3328
31	179831	11.2	1	175387 4444
32	152965	11.2	1	149752 3213
33	151809	11.2	1	148338 3471
34	159033	11.2	1	153512 5521
35	154702	11.2	1	151296 3406
36	122705	11.2	1	119398 3307
37	138649	11.2	1	135669 2980
38	126880	11.2	1	123761 3119
39	124617	11.2	1	121384 3233
40	125929	11.2	1	123120 2809
41	110160	11.2	1	106778 3382
42	130716	11.2	1	127795 2921
43	104567	11.2	1	100710 3857
44	98648	11.2	1	95123 3525
45	189671	11.2	1	186392 3279
46	28019	11.2	1	25534 2485
47	100251	11.2	1	94032 6219
48	596288	11.2	1	591540 4748
49	74451	11.2	1	72498 1953
50	16880	11.2	1	15044 1836
51	134006	11.2	1	131449 2557
52	64561	11.2	1	62918 1643
53	13622	11.2	1	8018 5604
54	61669	11.2	1	59096 2573
55	90780	11.2	1	89131 1649
56	13838	11.2	1	12976 862
57	7682	11.2	1	6982 700
58	5195	11.2	1	4616 579
59	20574	11.2	1	19842 732
60	2838	11.2	1	2122 716
61	5799	11.2	1	4583 1216
62	49496	11.2	1	48288 1208
63	5640	11.2	1	4291 1349
64	5228	11.2	1	4473 755
65	14890	11.2	1	12970 1920
66	33993	11.2	1	33080 913
67	5124	11.2	1	4072 1052
68	20554	11.2	1	19619 935
69	28266	11.2	1	27135 1131
70	44254	11.2	1	42562 1692
71	8360	11.2	1	7492 868
72	2329	11.2	1	1808 521
73	8292	11.2	1	7448 844
74	18626	11.2	1	17678 948
75	22520	11.2	1	21509 1011
76	22575	11.2	1	21782 793
77	21760	11.2	1	20391 1369
78	21207	11.2	1	20291 916
79	20717	11.2	1	19511 1206
80	18948	11.2	1	17857 1091
81	18543	11.2	1	16741 1802
82	17709	11.2	1	16565 1144
83	15824	11.2	1	14749 1075
84	15450	11.2	1	14422 1028
85	15321	11.2	1	14404 917
86	13678	11.2	1	12627 1051
87	12581	11.2	1	11780 801
88	13652	11.2	1	12496 1156
89	12105	11.2	1	11059 1046
90	11825	11.2	1	10721 1104
91	11208	11.2	1	10481 727
92	9840	11.2	1	9376 464
93	9447	11.2	1	8734 713
94	9501	11.2	1	8827 674
95	9072	11.2	1	8183 889
96	8335	11.2	1	7598 737
97	8283	11.2	1	7482 801
98	7503	11.2	1	6827 676
99	7124	11.2	1	6476 648
100	8390	11.2	1	6580 1810
101	6934	11.2	1	5738 1196
102	6582	11.2	1	5823 759
103	6030	11.2	1	5240 790
104	5669	11.2	1	4905 764
105	5499	11.2	1	4691 808
106	5527	11.2	1	4788 739
107	5010	11.2	1	4273 737
108	4504	11.2	1	3969 535
109	5116	11.2	1	3931 1185
110	4493	11.2	1	3458 1035
111	3891	11.2	1	3225 666
112	3916	11.2	1	3033 883
113	3867	11.2	1	2832 1035
114	3199	11.2	1	2596 603
115	3252	11.2	1	2375 877
116	3522	11.2	1	2074 1448
117	2585	11.2	1	2086 499
118	2606	11.2	1	1909 697
119	3576	11.2	1	1618 1958
120	2247	11.2	1	1395 852
121	1800	11.2	1	1160 640
122	1710	11.2	1	1060 650
123	1377	11.2	1	826 551
124	1400	11.2	1	618 782
125	1191	11.2	1	598 593
126	1040	11.2	1	557 483
127	950	11.2	1	502 448
128	1115	11.2	1	465 650
129	1613	11.2	1	536 1077
130	1477	11.2	1	507 970
131	1129	11.2	1	482 647
132	1151	11.2	1	534 617
133	1008	11.2	1	543 465
134	921	11.2	1	495 426
135	955	11.2	1	505 450
136	1107	11.2	1	463 644
137	899	11.2	1	462 437
138	1099	11.2	1	403 696
139	1229	11.2	1	549 680
140	1540	11.2	1	532 1008
141	1016	11.2	1	304 712
142	1100	11.2	1	422 678
143	1132	11.2	1	461 671
144	785	11.2	1	423 362
145	1471	11.2	1	530 941
146	1132	11.2	1	382 750
147	1361	11.2	1	566 795
148	1124	11.2	1	384 740
149	2271	11.2	1	1378 893
150	32621	11.2	1	30260 2361
151	1675	11.2	1	1130 545

RUN STATISTICS FOR INPUT FILE: /media/ssd-02/tavish/PhD/raw_data/koala_microbiome/illumina/HiC/koala_microbiome_tahlia_HiC_S3_R1_001.fastq
=============================================
188470020 sequences processed in total

