
SUMMARISING RUN PARAMETERS
==========================
Input filename: /media/ssd-02/tavish/PhD/raw_data/koala_microbiome/illumina/HiC/koala_microbiome_craig_HiC_S2_R2_001.fastq
Trimming mode: paired-end
Trim Galore version: 0.6.6
Cutadapt version: 2.6
Number of cores used for trimming: 1
Quality Phred score cutoff: 20
Quality encoding type selected: ASCII+33
Using Nextera adapter for trimming (count: 31715). Second best hit was smallRNA (count: 10)
Adapter sequence: 'CTGTCTCTTATA' (Nextera Transposase sequence; auto-detected)
Maximum trimming error rate: 0.1 (default)
Minimum required adapter overlap (stringency): 1 bp
Minimum required sequence length for both reads before a sequence pair gets removed: 20 bp
All Read 1 sequences will be trimmed by 10 bp from their 5' end to avoid poor qualities or biases
All Read 2 sequences will be trimmed by 10 bp from their 5' end to avoid poor qualities or biases (e.g. M-bias for BS-Seq applications)
Running FastQC on the data once trimming has completed


This is cutadapt 2.6 with Python 3.7.10
Command line parameters: -j 1 -e 0.1 -q 20 -O 1 -a CTGTCTCTTATA /media/ssd-02/tavish/PhD/raw_data/koala_microbiome/illumina/HiC/koala_microbiome_craig_HiC_S2_R2_001.fastq
Processing reads on 1 core in single-end mode ...
Finished in 2972.31 s (11 us/read; 5.38 M reads/minute).

=== Summary ===

Total reads processed:             266,329,814
Reads with adapters:               108,016,796 (40.6%)
Reads written (passing filters):   266,329,814 (100.0%)

Total basepairs processed: 40,215,801,914 bp
Quality-trimmed:              77,851,951 bp (0.2%)
Total written (filtered):  39,695,839,321 bp (98.7%)

=== Adapter 1 ===

Sequence: CTGTCTCTTATA; Type: regular 3'; Length: 12; Trimmed: 108016796 times.

No. of allowed errors:
0-9 bp: 0; 10-12 bp: 1

Bases preceding removed adapters:
  A: 27.2%
  C: 25.1%
  G: 27.0%
  T: 20.7%
  none/other: 0.0%

Overview of removed sequences
length	count	expect	max.err	error counts
1	74648329	66582453.5	0	74648329
2	14749384	16645613.4	0	14749384
3	5912892	4161403.3	0	5912892
4	1263314	1040350.8	0	1263314
5	739533	260087.7	0	739533
6	382505	65021.9	0	382505
7	429734	16255.5	0	429734
8	361786	4063.9	0	361786
9	326097	1016.0	0	321283 4814
10	370049	254.0	1	357435 12614
11	323435	63.5	1	313912 9523
12	301054	15.9	1	291654 9400
13	332296	15.9	1	321966 10330
14	289152	15.9	1	280276 8876
15	278852	15.9	1	269750 9102
16	331882	15.9	1	321951 9931
17	245321	15.9	1	238326 6995
18	248700	15.9	1	240823 7877
19	276775	15.9	1	268797 7978
20	237198	15.9	1	230422 6776
21	225309	15.9	1	218356 6953
22	261257	15.9	1	253231 8026
23	218627	15.9	1	212257 6370
24	205914	15.9	1	199017 6897
25	238943	15.9	1	232162 6781
26	188676	15.9	1	183070 5606
27	185954	15.9	1	180120 5834
28	212932	15.9	1	205958 6974
29	180714	15.9	1	175262 5452
30	163107	15.9	1	157879 5228
31	186742	15.9	1	180750 5992
32	164286	15.9	1	158936 5350
33	150949	15.9	1	145462 5487
34	185354	15.9	1	177775 7579
35	117373	15.9	1	113522 3851
36	134763	15.9	1	130130 4633
37	148787	15.9	1	143866 4921
38	122435	15.9	1	118675 3760
39	125404	15.9	1	121046 4358
40	128297	15.9	1	124427 3870
41	104049	15.9	1	100567 3482
42	105418	15.9	1	101948 3470
43	109115	15.9	1	105663 3452
44	98736	15.9	1	95513 3223
45	92140	15.9	1	88305 3835
46	105434	15.9	1	101928 3506
47	82525	15.9	1	79599 2926
48	77888	15.9	1	75020 2868
49	83311	15.9	1	80319 2992
50	74476	15.9	1	71612 2864
51	67132	15.9	1	64707 2425
52	74159	15.9	1	71457 2702
53	70110	15.9	1	62942 7168
54	64950	15.9	1	62583 2367
55	56512	15.9	1	54099 2413
56	58648	15.9	1	55910 2738
57	66793	15.9	1	64586 2207
58	40766	15.9	1	38539 2227
59	47692	15.9	1	45676 2016
60	46065	15.9	1	43983 2082
61	48426	15.9	1	46274 2152
62	39731	15.9	1	37601 2130
63	52307	15.9	1	49913 2394
64	33804	15.9	1	32032 1772
65	37602	15.9	1	35791 1811
66	23361	15.9	1	21734 1627
67	34302	15.9	1	32517 1785
68	37621	15.9	1	30592 7029
69	27370	15.9	1	25793 1577
70	27412	15.9	1	25650 1762
71	26214	15.9	1	24738 1476
72	24969	15.9	1	23387 1582
73	30714	15.9	1	28989 1725
74	28372	15.9	1	26995 1377
75	22418	15.9	1	21153 1265
76	12021	15.9	1	10710 1311
77	15942	15.9	1	14600 1342
78	15520	15.9	1	14290 1230
79	16287	15.9	1	14700 1587
80	14696	15.9	1	13494 1202
81	14790	15.9	1	12373 2417
82	13539	15.9	1	12321 1218
83	12604	15.9	1	11487 1117
84	12182	15.9	1	10932 1250
85	11652	15.9	1	10624 1028
86	10585	15.9	1	9574 1011
87	10209	15.9	1	9153 1056
88	10214	15.9	1	8923 1291
89	9291	15.9	1	8040 1251
90	8564	15.9	1	7603 961
91	8386	15.9	1	7421 965
92	7633	15.9	1	6785 848
93	7115	15.9	1	6237 878
94	6969	15.9	1	6061 908
95	6460	15.9	1	5634 826
96	6144	15.9	1	5227 917
97	6296	15.9	1	5394 902
98	5817	15.9	1	4977 840
99	5898	15.9	1	4780 1118
100	6148	15.9	1	4638 1510
101	4924	15.9	1	4048 876
102	4536	15.9	1	3706 830
103	3992	15.9	1	3413 579
104	4091	15.9	1	3241 850
105	3822	15.9	1	3098 724
106	4139	15.9	1	3033 1106
107	3428	15.9	1	2787 641
108	3345	15.9	1	2591 754
109	3229	15.9	1	2405 824
110	2984	15.9	1	2145 839
111	2513	15.9	1	1890 623
112	2747	15.9	1	1985 762
113	2393	15.9	1	1704 689
114	2101	15.9	1	1433 668
115	2124	15.9	1	1480 644
116	2069	15.9	1	1238 831
117	1834	15.9	1	1147 687
118	1702	15.9	1	1147 555
119	1603	15.9	1	1001 602
120	1617	15.9	1	934 683
121	1642	15.9	1	940 702
122	1156	15.9	1	726 430
123	1182	15.9	1	619 563
124	1052	15.9	1	468 584
125	1154	15.9	1	370 784
126	976	15.9	1	329 647
127	879	15.9	1	297 582
128	810	15.9	1	254 556
129	908	15.9	1	215 693
130	1112	15.9	1	559 553
131	825	15.9	1	250 575
132	1670	15.9	1	1228 442
133	812	15.9	1	359 453
134	1250	15.9	1	727 523
135	871	15.9	1	376 495
136	643	15.9	1	122 521
137	691	15.9	1	154 537
138	535	15.9	1	82 453
139	721	15.9	1	98 623
140	728	15.9	1	100 628
141	449	15.9	1	42 407
142	496	15.9	1	44 452
143	477	15.9	1	45 432
144	469	15.9	1	58 411
145	635	15.9	1	73 562
146	784	15.9	1	23 761
147	887	15.9	1	60 827
148	382	15.9	1	50 332
149	778	15.9	1	225 553
150	58527	15.9	1	57083 1444
151	4487	15.9	1	4109 378

RUN STATISTICS FOR INPUT FILE: /media/ssd-02/tavish/PhD/raw_data/koala_microbiome/illumina/HiC/koala_microbiome_craig_HiC_S2_R2_001.fastq
=============================================
266329814 sequences processed in total

Total number of sequences analysed for the sequence pair length validation: 266329814

Number of sequence pairs removed because at least one read was shorter than the length cutoff (20 bp): 399817 (0.15%)
