
SUMMARISING RUN PARAMETERS
==========================
Input filename: /media/ssd-02/tavish/PhD/raw_data/koala_microbiome/illumina/whole_genome/koala_jarrah_PP_15_kb_2ndE_S12_R1_001.fastq
Trimming mode: paired-end
Trim Galore version: 0.6.6
Cutadapt version: 2.6
Number of cores used for trimming: 1
Quality Phred score cutoff: 20
Quality encoding type selected: ASCII+33
Using Nextera adapter for trimming (count: 54030). Second best hit was smallRNA (count: 32)
Adapter sequence: 'CTGTCTCTTATA' (Nextera Transposase sequence; auto-detected)
Maximum trimming error rate: 0.1 (default)
Minimum required adapter overlap (stringency): 1 bp
Minimum required sequence length for both reads before a sequence pair gets removed: 20 bp
All Read 1 sequences will be trimmed by 10 bp from their 5' end to avoid poor qualities or biases
All Read 2 sequences will be trimmed by 10 bp from their 5' end to avoid poor qualities or biases (e.g. M-bias for BS-Seq applications)
Running FastQC on the data once trimming has completed


This is cutadapt 2.6 with Python 3.7.10
Command line parameters: -j 1 -e 0.1 -q 20 -O 1 -a CTGTCTCTTATA /media/ssd-02/tavish/PhD/raw_data/koala_microbiome/illumina/whole_genome/koala_jarrah_PP_15_kb_2ndE_S12_R1_001.fastq
Processing reads on 1 core in single-end mode ...
Finished in 282.52 s (11 us/read; 5.48 M reads/minute).

=== Summary ===

Total reads processed:              25,782,819
Reads with adapters:                 9,174,344 (35.6%)
Reads written (passing filters):    25,782,819 (100.0%)

Total basepairs processed: 3,893,205,669 bp
Quality-trimmed:               2,651,641 bp (0.1%)
Total written (filtered):  3,802,397,710 bp (97.7%)

=== Adapter 1 ===

Sequence: CTGTCTCTTATA; Type: regular 3'; Length: 12; Trimmed: 9174344 times.

No. of allowed errors:
0-9 bp: 0; 10-12 bp: 1

Bases preceding removed adapters:
  A: 20.8%
  C: 26.0%
  G: 25.5%
  T: 27.7%
  none/other: 0.0%

Overview of removed sequences
length	count	expect	max.err	error counts
1	5577751	6445704.8	0	5577751
2	1391743	1611426.2	0	1391743
3	404206	402856.5	0	404206
4	118077	100714.1	0	118077
5	50537	25178.5	0	50537
6	29340	6294.6	0	29340
7	23654	1573.7	0	23654
8	22112	393.4	0	22112
9	19655	98.4	0	19100 555
10	22255	24.6	1	20614 1641
11	21398	6.1	1	20453 945
12	24685	1.5	1	23676 1009
13	23743	1.5	1	23087 656
14	26605	1.5	1	25641 964
15	25485	1.5	1	24695 790
16	28040	1.5	1	26909 1131
17	21533	1.5	1	20913 620
18	21738	1.5	1	21013 725
19	18319	1.5	1	17770 549
20	20047	1.5	1	19333 714
21	21137	1.5	1	20410 727
22	19953	1.5	1	19443 510
23	24368	1.5	1	23480 888
24	23356	1.5	1	22787 569
25	24689	1.5	1	23996 693
26	24575	1.5	1	23900 675
27	22360	1.5	1	21664 696
28	20686	1.5	1	20048 638
29	20565	1.5	1	19754 811
30	16581	1.5	1	16209 372
31	19604	1.5	1	18901 703
32	17472	1.5	1	17064 408
33	20991	1.5	1	20298 693
34	22067	1.5	1	21425 642
35	24757	1.5	1	23967 790
36	27546	1.5	1	26553 993
37	15686	1.5	1	15295 391
38	20143	1.5	1	19398 745
39	18249	1.5	1	17646 603
40	17109	1.5	1	16474 635
41	15441	1.5	1	15002 439
42	17596	1.5	1	16974 622
43	23077	1.5	1	22150 927
44	17463	1.5	1	16866 597
45	38269	1.5	1	37300 969
46	6193	1.5	1	5822 371
47	17878	1.5	1	17310 568
48	24744	1.5	1	24034 710
49	18242	1.5	1	17762 480
50	10835	1.5	1	10376 459
51	18155	1.5	1	17497 658
52	14810	1.5	1	14359 451
53	13731	1.5	1	13323 408
54	18835	1.5	1	18147 688
55	32985	1.5	1	32384 601
56	16413	1.5	1	15939 474
57	17905	1.5	1	17479 426
58	16473	1.5	1	16138 335
59	19543	1.5	1	19113 430
60	6096	1.5	1	5850 246
61	5634	1.5	1	5356 278
62	19906	1.5	1	19463 443
63	10708	1.5	1	10382 326
64	9724	1.5	1	9411 313
65	11684	1.5	1	11377 307
66	24869	1.5	1	24393 476
67	10185	1.5	1	9788 397
68	17560	1.5	1	17140 420
69	15370	1.5	1	14977 393
70	12271	1.5	1	11871 400
71	1412	1.5	1	1229 183
72	2777	1.5	1	2591 186
73	7126	1.5	1	6904 222
74	9614	1.5	1	9357 257
75	11378	1.5	1	11122 256
76	12332	1.5	1	11998 334
77	12632	1.5	1	12323 309
78	12649	1.5	1	12291 358
79	11713	1.5	1	11377 336
80	10582	1.5	1	10270 312
81	9061	1.5	1	8744 317
82	7816	1.5	1	7536 280
83	7623	1.5	1	7379 244
84	8395	1.5	1	8073 322
85	9315	1.5	1	9049 266
86	9949	1.5	1	9669 280
87	10341	1.5	1	10017 324
88	10404	1.5	1	10104 300
89	9892	1.5	1	9558 334
90	8931	1.5	1	8631 300
91	7858	1.5	1	7563 295
92	6293	1.5	1	6092 201
93	5801	1.5	1	5573 228
94	6107	1.5	1	5885 222
95	6788	1.5	1	6562 226
96	7706	1.5	1	7468 238
97	8026	1.5	1	7750 276
98	8020	1.5	1	7795 225
99	7754	1.5	1	7480 274
100	7307	1.5	1	7078 229
101	6277	1.5	1	6012 265
102	5027	1.5	1	4779 248
103	4333	1.5	1	4121 212
104	4318	1.5	1	4129 189
105	5223	1.5	1	5021 202
106	6274	1.5	1	6040 234
107	6407	1.5	1	6176 231
108	6115	1.5	1	5918 197
109	5641	1.5	1	5471 170
110	5497	1.5	1	5274 223
111	4825	1.5	1	4608 217
112	3784	1.5	1	3597 187
113	3140	1.5	1	2935 205
114	3073	1.5	1	2935 138
115	3879	1.5	1	3713 166
116	4160	1.5	1	3967 193
117	3722	1.5	1	3576 146
118	3248	1.5	1	3102 146
119	2910	1.5	1	2749 161
120	2548	1.5	1	2387 161
121	2489	1.5	1	2246 243
122	2128	1.5	1	1924 204
123	1788	1.5	1	1634 154
124	1417	1.5	1	1274 143
125	715	1.5	1	581 134
126	356	1.5	1	235 121
127	270	1.5	1	167 103
128	221	1.5	1	97 124
129	194	1.5	1	64 130
130	212	1.5	1	69 143
131	177	1.5	1	51 126
132	229	1.5	1	58 171
133	132	1.5	1	34 98
134	131	1.5	1	37 94
135	153	1.5	1	47 106
136	133	1.5	1	28 105
137	133	1.5	1	23 110
138	149	1.5	1	25 124
139	164	1.5	1	20 144
140	162	1.5	1	23 139
141	139	1.5	1	38 101
142	199	1.5	1	68 131
143	423	1.5	1	128 295
144	103	1.5	1	15 88
145	115	1.5	1	14 101
146	73	1.5	1	4 69
147	84	1.5	1	13 71
148	184	1.5	1	15 169
149	99	1.5	1	15 84
150	87	1.5	1	19 68
151	70	1.5	1	6 64

RUN STATISTICS FOR INPUT FILE: /media/ssd-02/tavish/PhD/raw_data/koala_microbiome/illumina/whole_genome/koala_jarrah_PP_15_kb_2ndE_S12_R1_001.fastq
=============================================
25782819 sequences processed in total

