
SUMMARISING RUN PARAMETERS
==========================
Input filename: /media/ssd-02/tavish/PhD/raw_data/koala_microbiome/illumina/whole_genome/koala_craig_PP_15_kb_2ndE_S10_R1_001.fastq
Trimming mode: paired-end
Trim Galore version: 0.6.6
Cutadapt version: 2.6
Number of cores used for trimming: 1
Quality Phred score cutoff: 20
Quality encoding type selected: ASCII+33
Using Nextera adapter for trimming (count: 54030). Second best hit was smallRNA (count: 32)
Adapter sequence: 'CTGTCTCTTATA' (Nextera Transposase sequence; auto-detected)
Maximum trimming error rate: 0.1 (default)
Minimum required adapter overlap (stringency): 1 bp
Minimum required sequence length for both reads before a sequence pair gets removed: 20 bp
All Read 1 sequences will be trimmed by 10 bp from their 5' end to avoid poor qualities or biases
All Read 2 sequences will be trimmed by 10 bp from their 5' end to avoid poor qualities or biases (e.g. M-bias for BS-Seq applications)
Running FastQC on the data once trimming has completed


This is cutadapt 2.6 with Python 3.7.10
Command line parameters: -j 1 -e 0.1 -q 20 -O 1 -a CTGTCTCTTATA /media/ssd-02/tavish/PhD/raw_data/koala_microbiome/illumina/whole_genome/koala_craig_PP_15_kb_2ndE_S10_R1_001.fastq
Processing reads on 1 core in single-end mode ...
Finished in 354.18 s (11 us/read; 5.67 M reads/minute).

=== Summary ===

Total reads processed:              33,497,801
Reads with adapters:                12,273,762 (36.6%)
Reads written (passing filters):    33,497,801 (100.0%)

Total basepairs processed: 5,058,167,951 bp
Quality-trimmed:               3,459,853 bp (0.1%)
Total written (filtered):  4,939,031,033 bp (97.6%)

=== Adapter 1 ===

Sequence: CTGTCTCTTATA; Type: regular 3'; Length: 12; Trimmed: 12273762 times.

No. of allowed errors:
0-9 bp: 0; 10-12 bp: 1

Bases preceding removed adapters:
  A: 19.8%
  C: 28.1%
  G: 26.0%
  T: 26.2%
  none/other: 0.0%

Overview of removed sequences
length	count	expect	max.err	error counts
1	7554805	8374450.2	0	7554805
2	1786931	2093612.6	0	1786931
3	578220	523403.1	0	578220
4	155383	130850.8	0	155383
5	65762	32712.7	0	65762
6	37497	8178.2	0	37497
7	30989	2044.5	0	30989
8	28427	511.1	0	28427
9	25920	127.8	0	25244 676
10	28653	31.9	1	26932 1721
11	28182	8.0	1	27133 1049
12	32575	2.0	1	31435 1140
13	31972	2.0	1	31199 773
14	34831	2.0	1	33747 1084
15	32821	2.0	1	31991 830
16	36023	2.0	1	34705 1318
17	27681	2.0	1	26967 714
18	27428	2.0	1	26671 757
19	23714	2.0	1	23156 558
20	25430	2.0	1	24634 796
21	27160	2.0	1	26310 850
22	26459	2.0	1	25879 580
23	32328	2.0	1	31314 1014
24	30993	2.0	1	30307 686
25	32586	2.0	1	31757 829
26	31763	2.0	1	30868 895
27	28937	2.0	1	28205 732
28	26589	2.0	1	25915 674
29	26102	2.0	1	25233 869
30	21119	2.0	1	20651 468
31	26111	2.0	1	25262 849
32	22918	2.0	1	22441 477
33	28201	2.0	1	27283 918
34	29119	2.0	1	28397 722
35	32807	2.0	1	31864 943
36	35855	2.0	1	34802 1053
37	20370	2.0	1	19976 394
38	25983	2.0	1	25173 810
39	23314	2.0	1	22592 722
40	22014	2.0	1	21261 753
41	20068	2.0	1	19583 485
42	23008	2.0	1	22157 851
43	30519	2.0	1	29364 1155
44	22876	2.0	1	22225 651
45	50454	2.0	1	49395 1059
46	8029	2.0	1	7606 423
47	23664	2.0	1	23044 620
48	32863	2.0	1	32058 805
49	22039	2.0	1	21541 498
50	14293	2.0	1	13708 585
51	22600	2.0	1	21928 672
52	18818	2.0	1	18281 537
53	18609	2.0	1	18124 485
54	25829	2.0	1	25063 766
55	40957	2.0	1	40207 750
56	22928	2.0	1	22428 500
57	23444	2.0	1	22915 529
58	21845	2.0	1	21419 426
59	27655	2.0	1	27162 493
60	7834	2.0	1	7505 329
61	7033	2.0	1	6727 306
62	26135	2.0	1	25637 498
63	14167	2.0	1	13756 411
64	11994	2.0	1	11692 302
65	15948	2.0	1	15542 406
66	32268	2.0	1	31758 510
67	13230	2.0	1	12780 450
68	23614	2.0	1	23132 482
69	20301	2.0	1	19862 439
70	16825	2.0	1	16367 458
71	1569	2.0	1	1343 226
72	3485	2.0	1	3269 216
73	9475	2.0	1	9232 243
74	12538	2.0	1	12225 313
75	14998	2.0	1	14738 260
76	16541	2.0	1	16160 381
77	16774	2.0	1	16405 369
78	16819	2.0	1	16419 400
79	15727	2.0	1	15378 349
80	13651	2.0	1	13367 284
81	11652	2.0	1	11331 321
82	10377	2.0	1	10070 307
83	10286	2.0	1	9961 325
84	11052	2.0	1	10723 329
85	12281	2.0	1	11937 344
86	13261	2.0	1	12925 336
87	13582	2.0	1	13282 300
88	13488	2.0	1	13133 355
89	13134	2.0	1	12773 361
90	11974	2.0	1	11720 254
91	10053	2.0	1	9719 334
92	8482	2.0	1	8231 251
93	7573	2.0	1	7308 265
94	7976	2.0	1	7716 260
95	9332	2.0	1	9083 249
96	10191	2.0	1	9904 287
97	10421	2.0	1	10120 301
98	10320	2.0	1	10062 258
99	10095	2.0	1	9791 304
100	9400	2.0	1	9147 253
101	8213	2.0	1	7894 319
102	6567	2.0	1	6317 250
103	5497	2.0	1	5280 217
104	5795	2.0	1	5595 200
105	7093	2.0	1	6851 242
106	7975	2.0	1	7767 208
107	8423	2.0	1	8177 246
108	8061	2.0	1	7801 260
109	7528	2.0	1	7286 242
110	7188	2.0	1	6925 263
111	6054	2.0	1	5803 251
112	5081	2.0	1	4869 212
113	4157	2.0	1	3956 201
114	4001	2.0	1	3825 176
115	4887	2.0	1	4678 209
116	5476	2.0	1	5245 231
117	4909	2.0	1	4751 158
118	4159	2.0	1	3967 192
119	3670	2.0	1	3475 195
120	2988	2.0	1	2815 173
121	2964	2.0	1	2702 262
122	2807	2.0	1	2582 225
123	2286	2.0	1	2102 184
124	1783	2.0	1	1648 135
125	806	2.0	1	669 137
126	405	2.0	1	284 121
127	347	2.0	1	224 123
128	236	2.0	1	123 113
129	259	2.0	1	107 152
130	211	2.0	1	66 145
131	211	2.0	1	63 148
132	253	2.0	1	79 174
133	163	2.0	1	39 124
134	173	2.0	1	48 125
135	169	2.0	1	46 123
136	170	2.0	1	29 141
137	153	2.0	1	30 123
138	173	2.0	1	30 143
139	145	2.0	1	20 125
140	165	2.0	1	24 141
141	202	2.0	1	37 165
142	206	2.0	1	71 135
143	471	2.0	1	98 373
144	148	2.0	1	16 132
145	158	2.0	1	14 144
146	73	2.0	1	1 72
147	91	2.0	1	9 82
148	209	2.0	1	23 186
149	114	2.0	1	11 103
150	80	2.0	1	19 61
151	83	2.0	1	10 73

RUN STATISTICS FOR INPUT FILE: /media/ssd-02/tavish/PhD/raw_data/koala_microbiome/illumina/whole_genome/koala_craig_PP_15_kb_2ndE_S10_R1_001.fastq
=============================================
33497801 sequences processed in total

