
SUMMARISING RUN PARAMETERS
==========================
Input filename: /media/ssd-02/tavish/PhD/raw_data/koala_microbiome/illumina/whole_genome/koala_tahlia_PP_15_kb_2ndE_S11_R1_001.fastq
Trimming mode: paired-end
Trim Galore version: 0.6.6
Cutadapt version: 2.6
Number of cores used for trimming: 1
Quality Phred score cutoff: 20
Quality encoding type selected: ASCII+33
Using Nextera adapter for trimming (count: 54030). Second best hit was smallRNA (count: 32)
Adapter sequence: 'CTGTCTCTTATA' (Nextera Transposase sequence; auto-detected)
Maximum trimming error rate: 0.1 (default)
Minimum required adapter overlap (stringency): 1 bp
Minimum required sequence length for both reads before a sequence pair gets removed: 20 bp
All Read 1 sequences will be trimmed by 10 bp from their 5' end to avoid poor qualities or biases
All Read 2 sequences will be trimmed by 10 bp from their 5' end to avoid poor qualities or biases (e.g. M-bias for BS-Seq applications)
Running FastQC on the data once trimming has completed


This is cutadapt 2.6 with Python 3.7.10
Command line parameters: -j 1 -e 0.1 -q 20 -O 1 -a CTGTCTCTTATA /media/ssd-02/tavish/PhD/raw_data/koala_microbiome/illumina/whole_genome/koala_tahlia_PP_15_kb_2ndE_S11_R1_001.fastq
Processing reads on 1 core in single-end mode ...
Finished in 304.59 s (11 us/read; 5.48 M reads/minute).

=== Summary ===

Total reads processed:              27,809,285
Reads with adapters:                10,010,578 (36.0%)
Reads written (passing filters):    27,809,285 (100.0%)

Total basepairs processed: 4,199,202,035 bp
Quality-trimmed:               3,934,143 bp (0.1%)
Total written (filtered):  4,119,608,398 bp (98.1%)

=== Adapter 1 ===

Sequence: CTGTCTCTTATA; Type: regular 3'; Length: 12; Trimmed: 10010578 times.

No. of allowed errors:
0-9 bp: 0; 10-12 bp: 1

Bases preceding removed adapters:
  A: 20.0%
  C: 27.3%
  G: 26.2%
  T: 26.5%
  none/other: 0.0%

Overview of removed sequences
length	count	expect	max.err	error counts
1	6463190	6952321.2	0	6463190
2	1489064	1738080.3	0	1489064
3	503998	434520.1	0	503998
4	129890	108630.0	0	129890
5	51095	27157.5	0	51095
6	26484	6789.4	0	26484
7	21691	1697.3	0	21691
8	19738	424.3	0	19738
9	17538	106.1	0	16994 544
10	17754	26.5	1	15864 1890
11	18834	6.6	1	17242 1592
12	21199	1.7	1	19519 1680
13	21325	1.7	1	19843 1482
14	22513	1.7	1	20789 1724
15	22796	1.7	1	21096 1700
16	24053	1.7	1	22093 1960
17	19350	1.7	1	17975 1375
18	18702	1.7	1	17370 1332
19	15556	1.7	1	14608 948
20	17020	1.7	1	15678 1342
21	17758	1.7	1	16378 1380
22	18355	1.7	1	17094 1261
23	19192	1.7	1	17800 1392
24	20107	1.7	1	18865 1242
25	21960	1.7	1	20405 1555
26	21370	1.7	1	19943 1427
27	20673	1.7	1	19285 1388
28	16620	1.7	1	15501 1119
29	17356	1.7	1	16098 1258
30	15394	1.7	1	14432 962
31	15545	1.7	1	14457 1088
32	15091	1.7	1	14156 935
33	17735	1.7	1	16461 1274
34	19536	1.7	1	18252 1284
35	22997	1.7	1	21309 1688
36	21119	1.7	1	19512 1607
37	14493	1.7	1	13577 916
38	16986	1.7	1	15732 1254
39	15750	1.7	1	14519 1231
40	14532	1.7	1	13383 1149
41	13288	1.7	1	12309 979
42	18056	1.7	1	16612 1444
43	20745	1.7	1	19180 1565
44	13996	1.7	1	12964 1032
45	31616	1.7	1	29736 1880
46	8031	1.7	1	7278 753
47	11506	1.7	1	10701 805
48	26207	1.7	1	24496 1711
49	13982	1.7	1	13089 893
50	6618	1.7	1	5968 650
51	14238	1.7	1	13178 1060
52	16895	1.7	1	15783 1112
53	10419	1.7	1	9676 743
54	14021	1.7	1	13068 953
55	33932	1.7	1	32168 1764
56	16008	1.7	1	15055 953
57	13145	1.7	1	12376 769
58	12986	1.7	1	12286 700
59	14041	1.7	1	13276 765
60	4350	1.7	1	3956 394
61	4266	1.7	1	3789 477
62	18955	1.7	1	17952 1003
63	8086	1.7	1	7555 531
64	7294	1.7	1	6861 433
65	7682	1.7	1	7138 544
66	25183	1.7	1	24108 1075
67	7553	1.7	1	6887 666
68	11379	1.7	1	10740 639
69	8353	1.7	1	7811 542
70	5540	1.7	1	5012 528
71	2215	1.7	1	1949 266
72	3331	1.7	1	3055 276
73	6000	1.7	1	5635 365
74	7959	1.7	1	7507 452
75	9266	1.7	1	8753 513
76	10307	1.7	1	9709 598
77	10667	1.7	1	10058 609
78	10472	1.7	1	9817 655
79	9621	1.7	1	9046 575
80	8705	1.7	1	8189 516
81	7321	1.7	1	6759 562
82	6185	1.7	1	5743 442
83	5816	1.7	1	5395 421
84	6501	1.7	1	6039 462
85	7471	1.7	1	6984 487
86	8146	1.7	1	7656 490
87	8467	1.7	1	7898 569
88	8277	1.7	1	7768 509
89	7864	1.7	1	7339 525
90	7092	1.7	1	6656 436
91	6121	1.7	1	5694 427
92	4947	1.7	1	4589 358
93	4504	1.7	1	4181 323
94	4675	1.7	1	4347 328
95	5335	1.7	1	4952 383
96	6137	1.7	1	5756 381
97	6329	1.7	1	5908 421
98	6167	1.7	1	5799 368
99	6115	1.7	1	5698 417
100	5852	1.7	1	5512 340
101	4734	1.7	1	4381 353
102	3838	1.7	1	3564 274
103	3301	1.7	1	3019 282
104	3265	1.7	1	2982 283
105	4097	1.7	1	3687 410
106	4911	1.7	1	4554 357
107	5033	1.7	1	4679 354
108	4729	1.7	1	4429 300
109	4404	1.7	1	4138 266
110	4066	1.7	1	3763 303
111	3541	1.7	1	3245 296
112	2742	1.7	1	2509 233
113	2397	1.7	1	2153 244
114	2287	1.7	1	2062 225
115	2822	1.7	1	2571 251
116	3255	1.7	1	2985 270
117	3045	1.7	1	2805 240
118	2628	1.7	1	2401 227
119	2270	1.7	1	2016 254
120	1990	1.7	1	1780 210
121	1805	1.7	1	1576 229
122	1613	1.7	1	1416 197
123	1367	1.7	1	1195 172
124	972	1.7	1	802 170
125	479	1.7	1	371 108
126	311	1.7	1	181 130
127	256	1.7	1	140 116
128	208	1.7	1	95 113
129	193	1.7	1	72 121
130	168	1.7	1	47 121
131	189	1.7	1	29 160
132	201	1.7	1	39 162
133	120	1.7	1	20 100
134	124	1.7	1	21 103
135	120	1.7	1	21 99
136	126	1.7	1	28 98
137	171	1.7	1	22 149
138	160	1.7	1	19 141
139	181	1.7	1	15 166
140	428	1.7	1	12 416
141	137	1.7	1	15 122
142	168	1.7	1	34 134
143	372	1.7	1	52 320
144	79	1.7	1	6 73
145	108	1.7	1	7 101
146	65	1.7	1	4 61
147	88	1.7	1	5 83
148	196	1.7	1	17 179
149	59	1.7	1	5 54
150	91	1.7	1	9 82
151	73	1.7	1	4 69

RUN STATISTICS FOR INPUT FILE: /media/ssd-02/tavish/PhD/raw_data/koala_microbiome/illumina/whole_genome/koala_tahlia_PP_15_kb_2ndE_S11_R1_001.fastq
=============================================
27809285 sequences processed in total

